19.9143	31   
19.953	25   
19.9917	27   
20.0304	32   
20.069	21   
20.1077	19   
20.1464	28   
20.1851	30   
20.2238	36   
20.2625	31   
20.3012	33   
20.3399	26   
20.3786	24   
20.4173	39   
20.4559	31   
20.4946	30   
20.5333	34   
20.572	36   
20.6107	36   
20.6494	41   
20.6881	30   
20.7268	41   
20.7655	36   
20.8042	47   
20.8428	31   
20.8815	41   
20.9202	41   
20.9589	51   
20.9976	50   
21.0363	54   
21.075	60   
21.1137	81   
21.1524	111  
21.1911	181  
21.2297	218  
21.2684	336  
21.3071	441  
21.3458	570  
21.3845	586  
21.4232	494  
21.4619	456  
21.5006	367  
21.5393	278  
21.578	198  
21.6166	139  
21.6553	116  
21.694	74   
21.7327	69   
21.7714	53   
21.8101	62   
21.8488	35   
21.8875	55   
21.9262	51   
21.9649	44   
22.0035	52   
22.0422	54   
22.0809	47   
22.1196	44   
22.1583	60   
22.197	54   
22.2357	55   
22.2744	51   
22.3131	48   
22.3517	57   
22.3904	50   
22.4291	66   
22.4678	62   
22.5065	71   
22.5452	52   
22.5839	63   
22.6226	60   
22.6613	54   
22.7	71   
22.7386	56   
22.7773	75   
22.816	83   
22.8547	67   
22.8934	78   
22.9321	74   
22.9708	69   
23.0095	59   
23.0482	85   
23.0869	79   
23.1255	76   
23.1642	65   
23.2029	72   
23.2416	80   
23.2803	82   
23.319	93   
23.3577	99   
23.3964	74   
23.4351	91   
23.4738	75   
23.5124	122  
23.5511	112  
23.5898	103  
23.6285	111  
23.6672	94   
23.7059	104  
23.7446	131  
23.7833	109  
23.822	180  
23.8607	177  
23.8993	200  
23.938	225  
23.9767	271  
24.0154	284  
24.0541	343  
24.0928	300  
24.1315	311  
24.1702	380  
24.2089	382  
24.2476	406  
24.2862	498  
24.3249	608  
24.3636	1036 
24.4023	1973 
24.441	4132 
24.4797	7808 
24.5184	14314
24.5571	24268
24.5958	36953
24.6345	50000
24.6731	60969
24.7118	66424
24.7505	64484
24.7892	56587
24.8279	43799
24.8666	30844
24.9053	19309
24.944	11123
24.9827	5894 
25.0214	2968 
25.06	1415 
25.0987	825  
25.1374	507  
25.1761	317  
25.2148	260  
25.2535	221  
25.2922	185  
25.3309	164  
25.3696	155  
25.4082	126  
25.4469	96   
25.4856	108  
25.5243	111  
25.563	92   
25.6017	103  
25.6404	89   
25.6791	88   
25.7178	103  
25.7565	86   
25.7951	88   
25.8338	88   
25.8725	81   
25.9112	68   
25.9499	97   
25.9886	81   
26.0273	82   
26.066	81   
26.1047	79   
26.1434	89   
26.182	71   
26.2207	63   
26.2594	77   
26.2981	62   
26.3368	63   
26.3755	85   
26.4142	92   
26.4529	90   
26.4916	64   
26.5303	74   
26.5689	85   
26.6076	82   
26.6463	66   
26.685	73   
26.7237	68   
26.7624	60   
26.8011	72   
26.8398	82   
26.8785	65   
26.9172	79   
26.9558	67   
26.9945	76   
27.0332	95   
27.0719	94   
27.1106	101  
27.1493	116  
27.188	110  
27.2267	108  
27.2654	128  
27.3041	121  
27.3427	117  
27.3814	98   
27.4201	109  
27.4588	92   
27.4975	80   
27.5362	83   
27.5749	73   
27.6136	68   
27.6523	91   
27.691	62   
27.7296	86   
27.7683	77   
27.807	92   
27.8457	103  
27.8844	82   
27.9231	84   
27.9618	90   
28.0005	90   
28.0392	74   
28.0779	70   
28.1165	79   
28.1552	80   
28.1939	69   
28.2326	76   
28.2713	59   
28.31	75   
28.3487	67   
28.3874	80   
28.4261	77   
28.4647	81   
28.5034	80   
28.5421	89   
28.5808	76   
28.6195	81   
28.6582	70   
28.6969	67   
28.7356	73   
28.7743	73   
28.813	63   
28.8516	76   
28.8903	77   
28.929	68   
28.9677	82   
29.0064	80   
29.0451	65   
29.0838	66   
29.1225	79   
29.1612	77   
29.1999	72   
29.2385	77   
29.2772	69   
29.3159	81   
29.3546	75   
29.3933	82   
29.432	74   
29.4707	85   
29.5094	93   
29.5481	75   
29.5868	76   
29.6254	77   
29.6641	81   
29.7028	74   
29.7415	70   
29.7802	76   
29.8189	82   
29.8576	69   
29.8963	78   
29.935	70   
29.9737	110  
30.0123	109  
30.051	138  
30.0897	129  
30.1284	115  
30.1671	127  
30.2058	124  
30.2445	144  
30.2832	145  
30.3219	134  
30.3606	153  
30.3992	146  
30.4379	134  
30.4766	148  
30.5153	137  
30.554	157  
30.5927	168  
30.6314	137  
30.6701	164  
30.7088	150  
30.7475	143  
30.7861	169  
30.8248	134  
30.8635	137  
30.9022	137  
30.9409	176  
30.9796	127  
31.0183	145  
31.057	143  
31.0957	160  
31.1344	149  
31.173	139  
31.2117	153  
31.2504	156  
31.2891	151  
31.3278	171  
31.3665	126  
31.4052	135  
31.4439	139  
31.4826	157  
31.5212	131  
31.5599	114  
31.5986	179  
31.6373	135  
31.676	163  
31.7147	164  
31.7534	147  
31.7921	144  
31.8308	127  
31.8695	143  
31.9081	154  
31.9468	151  
31.9855	144  
32.0242	152  
32.0629	174  
32.1016	170  
32.1403	126  
32.179	155  
32.2177	137  
32.2564	153  
32.295	137  
32.3337	158  
32.3724	152  
32.4111	163  
32.4498	134  
32.4885	134  
32.5272	165  
32.5659	170  
32.6046	158  
32.6433	159  
32.6819	177  
32.7206	159  
32.7593	177  
32.798	162  
32.8367	194  
32.8754	218  
32.9141	193  
32.9528	186  
32.9915	193  
33.0302	186  
33.0688	163  
33.1075	177  
33.1462	149  
33.1849	180  
33.2236	151  
33.2623	155  
33.301	164  
33.3397	151  
33.3784	143  
33.4171	160  
33.4557	146  
33.4944	159  
33.5331	165  
33.5718	162  
33.6105	153  
33.6492	148  
33.6879	172  
33.7266	195  
33.7653	157  
33.804	162  
33.8426	165  
33.8813	194  
33.92	155  
33.9587	181  
33.9974	171  
34.0361	167  
34.0748	186  
34.1135	159  
34.1522	164  
34.1909	168  
34.2295	175  
34.2682	189  
34.3069	186  
34.3456	215  
34.3843	251  
34.423	242  
34.4617	251  
34.5004	373  
34.5391	402  
34.5777	577  
34.6164	771  
34.6551	1178 
34.6938	1659 
34.7325	2398 
34.7712	3211 
34.8099	4054 
34.8486	4871 
34.8873	5571 
34.926	6000 
34.9646	5882 
35.0033	5583 
35.042	4818 
35.0807	3992 
35.1194	3076 
35.1581	2389 
35.1968	1630 
35.2355	1223 
35.2742	805  
35.3129	596  
35.3515	427  
35.3902	362  
35.4289	269  
35.4676	266  
35.5063	242  
35.545	184  
35.5837	186  
35.6224	208  
35.6611	208  
35.6998	176  
35.7384	202  
35.7771	175  
35.8158	191  
35.8545	183  
35.8932	191  
35.9319	202  
35.9706	165  
36.0093	158  
36.048	177  
36.0867	178  
36.1253	186  
36.164	162  
36.2027	182  
36.2414	169  
36.2801	167  
36.3188	149  
36.3575	157  
36.3962	154  
36.4349	198  
36.4736	147  
36.5122	158  
36.5509	170  
36.5896	171  
36.6283	165  
36.667	173  
36.7057	160  
36.7444	163  
36.7831	167  
36.8218	175  
36.8605	177  
36.8991	166  
36.9378	162  
36.9765	169  
37.0152	169  
37.0539	159  
37.0926	161  
37.1313	167  
37.17	167  
37.2087	162  
37.2474	185  
37.286	144  
37.3247	194  
37.3634	138  
37.4021	173  
37.4408	146  
37.4795	164  
37.5182	189  
37.5569	157  
37.5956	163  
37.6342	164  
37.6729	166  
37.7116	162  
37.7503	171  
37.789	170  
37.8277	183  
37.8664	186  
37.9051	185  
37.9438	163  
37.9825	194  
38.0211	199  
38.0598	153  
38.0985	167  
38.1372	154  
38.1759	171  
38.2146	171  
38.2533	184  
38.292	165  
38.3307	177  
38.3694	163  
38.408	168  
38.4467	148  
38.4854	159  
38.5241	166  
38.5628	175  
38.6015	167  
38.6402	150  
38.6789	174  
38.7176	189  
38.7563	187  
38.7949	157  
38.8336	176  
38.8723	160  
38.911	171  
38.9497	165  
38.9884	166  
39.0271	180  
39.0658	179  
39.1045	192  
39.1432	167  
39.1818	188  
39.2205	189  
39.2592	173  
39.2979	188  
39.3366	206  
39.3753	204  
39.414	230  
39.4527	234  
39.4914	228  
39.5301	201  
39.5687	264  
39.6074	206  
39.6461	228  
39.6848	211  
39.7235	199  
39.7622	153  
39.8009	189  
39.8396	188  
39.8783	150  
39.917	176  
39.9556	159  
39.9943	174  
40.033	157  
40.0717	153  
40.1104	171  
40.1491	145  
40.1878	163  
40.2265	158  
40.2652	161  
40.3039	152  
40.3425	149  
40.3812	154  
40.4199	157  
40.4586	170  
40.4973	169  
40.536	179  
40.5747	190  
40.6134	182  
40.6521	187  
40.6907	194  
40.7294	228  
40.7681	268  
40.8068	285  
40.8455	298  
40.8842	339  
40.9229	355  
40.9616	381  
41.0003	396  
41.039	366  
41.0776	315  
41.1163	292  
41.155	257  
41.1937	233  
41.2324	229  
41.2711	204  
41.3098	178  
41.3485	193  
41.3872	165  
41.4259	165  
41.4645	171  
41.5032	165  
41.5419	139  
41.5806	151  
41.6193	161  
41.658	168  
41.6967	174  
41.7354	142  
41.7741	168  
41.8128	163  
41.8514	171  
41.8901	178  
41.9288	178  
41.9675	159  
42.0062	157  
42.0449	157  
42.0836	168  
42.1223	180  
42.161	169  
42.1997	171  
42.2383	187  
42.277	198  
42.3157	217  
42.3544	228  
42.3931	267  
42.4318	366  
42.4705	432  
42.5092	584  
42.5479	771  
42.5866	1056 
42.6252	1284 
42.6639	1583 
42.7026	1736 
42.7413	2011 
42.78	2045 
42.8187	2079 
42.8574	1924 
42.8961	1754 
42.9348	1505 
42.9735	1161 
43.0121	956  
43.0508	713  
43.0895	547  
43.1282	419  
43.1669	306  
43.2056	298  
43.2443	267  
43.283	230  
43.3217	213  
43.3604	199  
43.399	193  
43.4377	180  
43.4764	166  
43.5151	192  
43.5538	174  
43.5925	144  
43.6312	158  
43.6699	167  
43.7086	204  
43.7472	180  
43.7859	193  
43.8246	159  
43.8633	174  
43.902	152  
43.9407	149  
43.9794	148  
44.0181	166  
44.0568	152  
44.0955	197  
44.1341	148  
44.1728	148  
44.2115	162  
44.2502	171  
44.2889	175  
44.3276	170  
44.3663	172  
44.405	159  
44.4437	165  
44.4824	181  
44.521	150  
44.5597	166  
44.5984	187  
44.6371	175  
44.6758	157  
44.7145	200  
44.7532	141  
44.7919	175  
44.8306	152  
44.8693	179  
44.9079	160  
44.9466	136  
44.9853	184  
45.024	168  
45.0627	138  
45.1014	158  
45.1401	158  
45.1788	182  
45.2175	169  
45.2562	178  
45.2948	177  
45.3335	171  
45.3722	159  
45.4109	167  
45.4496	168  
45.4883	180  
45.527	161  
45.5657	141  
45.6044	173  
45.6431	183  
45.6817	180  
45.7204	190  
45.7591	192  
45.7978	157  
45.8365	192  
45.8752	166  
45.9139	197  
45.9526	158  
45.9913	182  
46.03	179  
46.0686	169  
46.1073	175  
46.146	165  
46.1847	166  
46.2234	165  
46.2621	194  
46.3008	174  
46.3395	178  
46.3782	185  
46.4169	160  
46.4555	182  
46.4942	178  
46.5329	188  
46.5716	178  
46.6103	173  
46.649	160  
46.6877	192  
46.7264	172  
46.7651	183  
46.8037	178  
46.8424	209  
46.8811	180  
46.9198	165  
46.9585	193  
46.9972	207  
47.0359	184  
47.0746	181  
47.1133	180  
47.152	181  
47.1906	191  
47.2293	207  
47.268	204  
47.3067	204  
47.3454	195  
47.3841	194  
47.4228	193  
47.4615	209  
47.5002	183  
47.5389	177  
47.5775	222  
47.6162	213  
47.6549	222  
47.6936	245  
47.7323	223  
47.771	209  
47.8097	214  
47.8484	221  
47.8871	249  
47.9258	223  
47.9644	206  
48.0031	231  
48.0418	232  
48.0805	226  
48.1192	221  
48.1579	213  
48.1966	231  
48.2353	238  
48.274	248  
48.3127	237  
48.3513	250  
48.39	231  
48.4287	227  
48.4674	266  
48.5061	269  
48.5448	282  
48.5835	247  
48.6222	272  
48.6609	291  
48.6996	322  
48.7382	290  
48.7769	292  
48.8156	301  
48.8543	309  
48.893	326  
48.9317	385  
48.9704	373  
49.0091	436  
49.0478	516  
49.0865	622  
49.1251	799  
49.1638	1140 
49.2025	1505 
49.2412	2019 
49.2799	2560 
49.3186	3221 
49.3573	3824 
49.396	4140 
49.4347	4377 
49.4734	4166 
49.512	3862 
49.5507	3371 
49.5894	2696 
49.6281	2166 
49.6668	1537 
49.7055	1042 
49.7442	724  
49.7829	493  
49.8216	347  
49.8602	269  
49.8989	181  
49.9376	187  
49.9763	152  
50.015	160  
50.0537	136  
50.0924	123  
50.1311	114  
50.1698	118  
50.2085	116  
50.2471	126  
50.2858	116  
50.3245	140  
50.3632	106  
50.4019	134  
50.4406	110  
50.4793	112  
50.518	108  
50.5567	117  
50.5954	94   
50.634	94   
50.6727	112  
50.7114	111  
50.7501	121  
50.7888	114  
50.8275	127  
50.8662	96   
50.9049	94   
50.9436	104  
50.9823	89   
51.0209	101  
51.0596	118  
51.0983	106  
51.137	102  
51.1757	114  
51.2144	100  
51.2531	95   
51.2918	88   
51.3305	95   
51.3692	110  
51.4078	100  
51.4465	87   
51.4852	116  
51.5239	87   
51.5626	118  
51.6013	101  
51.64	110  
51.6787	82   
51.7174	93   
51.7561	117  
51.7947	96   
51.8334	94   
51.8721	95   
51.9108	91   
51.9495	105  
51.9882	104  
52.0269	112  
52.0656	96   
52.1043	100  
52.143	94   
52.1816	95   
52.2203	94   
52.259	126  
52.2977	96   
52.3364	113  
52.3751	104  
